13 18
2 1 2 2 2 2 2 2 2 1 3 2 2 2 4 2 2 2
2 1 2 2 3 2 2 2 2 6 2 2 2 2 2 3 2 2
2 1 1 6 1 2 2 2 2 1 4 2 2 2 2 2 2 2
2 2 4 2 1 6 1 1 1 1 1 6 1 1 6 1 1 1
2 2 2 2 1 2 2 2 2 2 2 2 2 2 2 1 2 2
2 4 2 2 1 2 1 1 6 1 1 1 2 2 2 1 2 2
2 2 2 1 1 2 2 2 2 5 2 1 2 2 2 6 2 2
2 2 2 6 2 2 1 2 2 2 2 1 2 2 2 1 2 2
2 2 2 1 6 1 1 1 6 1 2 2 2 2 2 1 2 2
1 3 1 1 2 2 1 2 2 1 1 1 6 1 6 1 1 1
2 2 2 2 2 2 6 2 2 2 2 2 2 1 2 2 4 2
2 2 2 2 2 2 1 2 2 2 2 2 2 1 2 2 2 2
2 2 2 2 2 2 1 2 2 2 2 2 2 1 2 2 5 2

1 - W
2 - F
3 - SF
4 - TF
5 - STF
6 - DF

392656303
